   8.0000000e+00   4.0000000e+00   4.5040542e+08   8.7368279e+07   1.8290956e+01   1.9424364e-01   8.9030945e-01   8.7023617e-01   8.4120794e-01   7.9563192e-01   7.1534806e-01   4.0000000e+00   3.0000000e+00   1.9423008e-01   8.9048060e-01   8.7040206e-01   8.4136620e-01   7.9577823e-01   7.1547329e-01   3.7056218e+03   1.8859555e+03   4.7733184e+02   7.1361097e+01   1.0184416e+01   3.2117178e+05   1.3908505e+05   2.9043310e+04   3.3839375e+03   3.4440910e+02   1.1960541e+09   5.1475005e+08   1.0649766e+08   1.2366014e+07   1.2580169e+06
   1.6000000e+01   6.0000000e+00   4.5040542e+08   5.9606072e+07   1.7911238e+01   1.3273871e-01   8.6480595e-01   8.4005287e-01   8.0426085e-01   7.4811342e-01   6.4986410e-01   2.0000000e+00   2.0000000e+00   1.3266884e-01   8.6492026e-01   8.4016371e-01   8.0436667e-01   7.4821134e-01   6.4994796e-01   3.3327604e+03   1.5395473e+03   3.4191301e+02   4.8978643e+01   6.9524850e+00   5.9727954e+05   3.0955079e+05   8.9014151e+04   1.2196628e+04   1.2725271e+03   1.0757066e+09   4.2020188e+08   7.6284324e+07   8.4874059e+06   8.5879680e+05
   1.6000000e+01   6.0000000e+00   4.5040542e+08   5.9606072e+07   1.7911238e+01   1.3273871e-01   8.6480595e-01   8.4005287e-01   8.0426085e-01   7.4811342e-01   6.4986410e-01   4.0000000e+00   4.0000000e+00   1.3266067e-01   8.6501955e-01   8.4025678e-01   8.0445075e-01   7.4828134e-01   6.4999353e-01   3.3327604e+03   1.5395473e+03   3.4191301e+02   4.8978643e+01   6.9524850e+00   4.3573844e+05   1.7221212e+05   3.1719140e+04   3.5441075e+03   3.5879577e+02   1.0757066e+09   4.2020188e+08   7.6284324e+07   8.4874059e+06   8.5879680e+05
   3.2000000e+01   8.0000000e+00   4.5040542e+08   4.3914132e+07   1.7608374e+01   9.8032452e-02   8.4445521e-01   8.1596311e-01   7.7476909e-01   7.1020481e-01   5.9800242e-01   2.0000000e+00   2.0000000e+00   9.7886371e-02   8.4456201e-01   8.1606507e-01   7.7486403e-01   7.1028874e-01   5.9806675e-01   3.0384862e+03   1.2872938e+03   2.5939914e+02   3.6208166e+01   5.1239515e+00   7.9074497e+05   4.0758053e+05   1.1588762e+05   1.5759947e+04   1.6421428e+03   9.8072447e+08   3.5135218e+08   5.7874628e+07   6.2744369e+06   6.3292954e+05
   3.2000000e+01   8.0000000e+00   4.5040542e+08   4.3914132e+07   1.7608374e+01   9.8032452e-02   8.4445521e-01   8.1596311e-01   7.7476909e-01   7.1020481e-01   5.9800242e-01   4.0000000e+00   3.0000000e+00   9.7854585e-02   8.4461113e-01   8.1611099e-01   7.7490533e-01   7.1032276e-01   5.9808799e-01   3.0384862e+03   1.2872938e+03   2.5939914e+02   3.6208166e+01   5.1239515e+00   7.0694768e+05   3.3275864e+05   7.9576477e+04   9.8183843e+03   1.0072779e+03   9.8072447e+08   3.5135218e+08   5.7874628e+07   6.2744369e+06   6.3292954e+05
   3.2000000e+01   8.0000000e+00   4.5040542e+08   4.3914132e+07   1.7608374e+01   9.8032452e-02   8.4445521e-01   8.1596311e-01   7.7476909e-01   7.1020481e-01   5.9800242e-01   8.0000000e+00   5.0000000e+00   9.7926110e-02   8.4472635e-01   8.1622289e-01   7.7501245e-01   7.1042239e-01   5.9817467e-01   3.0384862e+03   1.2872938e+03   2.5939914e+02   3.6208166e+01   5.1239515e+00   6.2112614e+05   2.6097936e+05   5.2151472e+04   5.9813148e+03   6.0751688e+02   9.8072447e+08   3.5135218e+08   5.7874628e+07   6.2744369e+06   6.3292954e+05
   6.4000000e+01   8.0000000e+00   4.5040542e+08   4.3913977e+07   1.7608370e+01   9.8032110e-02   8.4445498e-01   8.1596284e-01   7.7476875e-01   7.1020438e-01   5.9800183e-01   2.0000000e+00   2.0000000e+00   9.7918850e-02   8.4456612e-01   8.1606993e-01   7.7486998e-01   7.1029640e-01   5.9807744e-01   3.0384828e+03   1.2872911e+03   2.5939831e+02   3.6208040e+01   5.1239335e+00   8.1158433e+05   4.2673367e+05   1.2647702e+05   1.7696230e+04   1.8532731e+03   9.8072339e+08   3.5135143e+08   5.7874442e+07   6.2744151e+06   6.3292732e+05
   6.4000000e+01   8.0000000e+00   4.5040542e+08   4.3913977e+07   1.7608370e+01   9.8032110e-02   8.4445498e-01   8.1596284e-01   7.7476875e-01   7.1020438e-01   5.9800183e-01   4.0000000e+00   3.0000000e+00   9.7818469e-02   8.4460155e-01   8.1609965e-01   7.7489146e-01   7.1030493e-01   5.9806328e-01   3.0384828e+03   1.2872911e+03   2.5939831e+02   3.6208040e+01   5.1239335e+00   6.6254437e+05   2.9489508e+05   6.4236597e+04   7.6079024e+03   7.7601246e+02   9.8072339e+08   3.5135143e+08   5.7874442e+07   6.2744151e+06   6.3292732e+05
   6.4000000e+01   8.0000000e+00   4.5040542e+08   4.3913977e+07   1.7608370e+01   9.8032110e-02   8.4445498e-01   8.1596284e-01   7.7476875e-01   7.1020438e-01   5.9800183e-01   8.0000000e+00   4.0000000e+00   9.7863054e-02   8.4466092e-01   8.1615769e-01   7.7494758e-01   7.1035804e-01   5.9811120e-01   3.0384828e+03   1.2872911e+03   2.5939831e+02   3.6208040e+01   5.1239335e+00   6.2808991e+05   2.6657728e+05   5.4041880e+04   6.2293077e+03   6.3311445e+02   9.8072339e+08   3.5135143e+08   5.7874442e+07   6.2744151e+06   6.3292732e+05
   1.2800000e+02   8.0000000e+00   4.5040542e+08   4.4658668e+07   1.7625186e+01   9.9685489e-02   8.4558241e-01   8.1729606e-01   7.7639923e-01   7.1229726e-01   6.0085130e-01   2.0000000e+00   2.0000000e+00   9.9562614e-02   8.4569234e-01   8.1740171e-01   7.7649870e-01   7.1238701e-01   6.0092375e-01   3.0545767e+03   1.3005523e+03   2.6342176e+02   3.6816059e+01   5.2107388e+00   8.0573519e+05   4.2133912e+05   1.2344154e+05   1.7131267e+04   1.7914527e+03   9.8591797e+08   3.5497094e+08   5.8772117e+07   6.3797775e+06   6.4364984e+05
   1.2800000e+02   8.0000000e+00   4.5040542e+08   4.4658668e+07   1.7625186e+01   9.9685489e-02   8.4558241e-01   8.1729606e-01   7.7639923e-01   7.1229726e-01   6.0085130e-01   4.0000000e+00   4.0000000e+00   9.9479353e-02   8.4577127e-01   8.1747071e-01   7.7655335e-01   7.1241917e-01   6.0091705e-01   3.0545767e+03   1.3005523e+03   2.6342176e+02   3.6816059e+01   5.2107388e+00   5.4815960e+05   2.0521765e+05   3.5443624e+04   3.8892476e+03   3.9288015e+02   9.8591797e+08   3.5497094e+08   5.8772117e+07   6.3797775e+06   6.4364984e+05
   1.2800000e+02   8.0000000e+00   4.5040542e+08   4.4658668e+07   1.7625186e+01   9.9685489e-02   8.4558241e-01   8.1729606e-01   7.7639923e-01   7.1229726e-01   6.0085130e-01   8.0000000e+00   5.0000000e+00   9.9536569e-02   8.4583187e-01   8.1753020e-01   7.7661123e-01   7.1247457e-01   6.0096834e-01   3.0545767e+03   1.3005523e+03   2.6342176e+02   3.6816059e+01   5.2107388e+00   5.2011555e+05   1.8535128e+05   3.0365722e+04   3.2877390e+03   3.3159781e+02   9.8591797e+08   3.5497094e+08   5.8772117e+07   6.3797775e+06   6.4364984e+05
   2.5600000e+02   1.5000000e+01   4.5040542e+08   2.3938281e+07   1.7010915e+01   5.4148298e-02   8.0424113e-01   7.6832421e-01   7.1641141e-01   6.3525306e-01   4.9693311e-01   2.0000000e+00   2.0000000e+00   5.3925019e-02   8.0434489e-01   7.6842257e-01   7.1650197e-01   6.3533134e-01   4.9698951e-01   2.4683653e+03   8.6177863e+02   1.4709851e+02   1.9824360e+01   2.7943849e+00   1.5795166e+06   8.5384521e+05   2.6866030e+05   3.9325843e+04   4.1540241e+03   7.9670801e+08   2.3521266e+08   3.2819198e+07   3.4353216e+06   3.4517281e+05
   2.5600000e+02   1.5000000e+01   4.5040542e+08   2.3938281e+07   1.7010915e+01   5.4148298e-02   8.0424113e-01   7.6832421e-01   7.1641141e-01   6.3525306e-01   4.9693311e-01   4.0000000e+00   4.0000000e+00   5.3574321e-02   8.0438465e-01   7.6844525e-01   7.1649995e-01   6.3529058e-01   4.9688106e-01   2.4683653e+03   8.6177863e+02   1.4709851e+02   1.9824360e+01   2.7943849e+00   1.1340034e+06   4.6506371e+05   8.9874998e+04   1.0193209e+04   1.0338459e+03   7.9670801e+08   2.3521266e+08   3.2819198e+07   3.4353216e+06   3.4517281e+05
   2.5600000e+02   1.5000000e+01   4.5040542e+08   2.3938281e+07   1.7010915e+01   5.4148298e-02   8.0424113e-01   7.6832421e-01   7.1641141e-01   6.3525306e-01   4.9693311e-01   8.0000000e+00   6.0000000e+00   5.3649889e-02   8.0448780e-01   7.6854289e-01   7.1658963e-01   6.3536785e-01   4.9693755e-01   2.4683653e+03   8.6177863e+02   1.4709851e+02   1.9824360e+01   2.7943849e+00   9.9343030e+05   3.6023637e+05   6.0091484e+04   6.5351023e+03   6.5946263e+02   7.9670801e+08   2.3521266e+08   3.2819198e+07   3.4353216e+06   3.4517281e+05
   5.1200000e+02   2.2000000e+01   4.5040542e+08   1.6196733e+07   1.6629544e+01   3.7427010e-02   7.7851499e-01   7.3781833e-01   6.7901441e-01   5.8730355e-01   4.3382679e-01   2.0000000e+00   2.0000000e+00   3.6872641e-02   7.7858610e-01   7.3787808e-01   6.7905773e-01   5.8732104e-01   4.3379828e-01   2.1159441e+03   6.4488689e+02   1.0113475e+02   1.3436163e+01   1.8910166e+00   2.2260974e+06   1.1682012e+06   3.4480724e+05   4.8102870e+04   5.0349737e+03   6.8295790e+08   1.7601453e+08   2.2564208e+07   2.3283244e+06   2.3358541e+05
   5.1200000e+02   2.2000000e+01   4.5040542e+08   1.6196733e+07   1.6629544e+01   3.7427010e-02   7.7851499e-01   7.3781833e-01   6.7901441e-01   5.8730355e-01   4.3382679e-01   4.0000000e+00   4.0000000e+00   3.6507337e-02   7.7861893e-01   7.3789257e-01   6.7904569e-01   5.8726739e-01   4.3367185e-01   2.1159441e+03   6.4488689e+02   1.0113475e+02   1.3436163e+01   1.8910166e+00   1.7473561e+06   7.4938136e+05   1.5423951e+05   1.7875742e+04   1.8180814e+03   6.8295790e+08   1.7601453e+08   2.2564208e+07   2.3283244e+06   2.3358541e+05
   5.1200000e+02   2.2000000e+01   4.5040542e+08   1.6196733e+07   1.6629544e+01   3.7427010e-02   7.7851499e-01   7.3781833e-01   6.7901441e-01   5.8730355e-01   4.3382679e-01   8.0000000e+00   8.0000000e+00   3.6656921e-02   7.7883243e-01   7.3809636e-01   6.7923546e-01   5.8743525e-01   4.3380271e-01   2.1159441e+03   6.4488689e+02   1.0113475e+02   1.3436163e+01   1.8910166e+00   1.4985501e+06   5.5792134e+05   9.5764818e+04   1.0491147e+04   1.0595793e+03   6.8295790e+08   1.7601453e+08   2.2564208e+07   2.3283244e+06   2.3358541e+05
   5.1200000e+02   2.2000000e+01   4.5040542e+08   1.6196733e+07   1.6629544e+01   3.7427010e-02   7.7851499e-01   7.3781833e-01   6.7901441e-01   5.8730355e-01   4.3382679e-01   1.6000000e+01   1.3000000e+01   3.6885871e-02   7.7906545e-01   7.3831108e-01   6.7942375e-01   5.8758271e-01   4.3388685e-01   2.1159441e+03   6.4488689e+02   1.0113475e+02   1.3436163e+01   1.8910166e+00   1.0478577e+06   2.8073104e+05   3.6789126e+04   3.8095051e+03   3.8232515e+02   6.8295790e+08   1.7601453e+08   2.2564208e+07   2.3283244e+06   2.3358541e+05
   1.0240000e+03   8.0000000e+01   4.5040542e+08   5.3433121e+06   1.5597626e+01   1.7196672e-02   7.0803078e-01   6.5377372e-01   5.7550005e-01   4.5498752e-01   2.7124165e-01   2.0000000e+00   2.0000000e+00   1.4702491e-02   7.0792147e-01   6.5362012e-01   5.7528237e-01   4.5466912e-01   2.7074396e-01   1.2232676e+03   2.5341345e+02   3.4147498e+01   4.4432596e+00   6.2399795e-01   8.0163831e+06   4.1756919e+06   1.2134481e+06   1.6745712e+05   1.7493667e+04   3.9483097e+08   6.9166314e+07   7.6186596e+06   7.6996310e+05   7.7078547e+04
   1.0240000e+03   8.0000000e+01   4.5040542e+08   5.3433121e+06   1.5597626e+01   1.7196672e-02   7.0803078e-01   6.5377372e-01   5.7550005e-01   4.5498752e-01   2.7124165e-01   4.0000000e+00   4.0000000e+00   1.3175113e-02   7.0771464e-01   6.5335119e-01   5.7492366e-01   4.5416956e-01   2.6999808e-01   1.2232676e+03   2.5341345e+02   3.4147498e+01   4.4432596e+00   6.2399795e-01   6.3961029e+06   2.7593334e+06   5.7292458e+05   6.6612682e+04   6.7777956e+03   3.9483097e+08   6.9166314e+07   7.6186596e+06   7.6996310e+05   7.7078547e+04
   1.0240000e+03   8.0000000e+01   4.5040542e+08   5.3433121e+06   1.5597626e+01   1.7196672e-02   7.0803078e-01   6.5377372e-01   5.7550005e-01   4.5498752e-01   2.7124165e-01   8.0000000e+00   7.0000000e+00   1.2939438e-02   7.0772178e-01   6.5332313e-01   5.7484471e-01   4.5401114e-01   2.6970523e-01   1.2232676e+03   2.5341345e+02   3.4147498e+01   4.4432596e+00   6.2399795e-01   5.4928629e+06   2.0603516e+06   3.5661966e+05   3.9154617e+04   3.9555523e+03   3.9483097e+08   6.9166314e+07   7.6186596e+06   7.6996310e+05   7.7078547e+04
   1.0240000e+03   8.0000000e+01   4.5040542e+08   5.3433121e+06   1.5597626e+01   1.7196672e-02   7.0803078e-01   6.5377372e-01   5.7550005e-01   4.5498752e-01   2.7124165e-01   1.6000000e+01   1.2000000e+01   1.3019897e-02   7.0786344e-01   6.5342980e-01   5.7490086e-01   4.5398883e-01   2.6955630e-01   1.2232676e+03   2.5341345e+02   3.4147498e+01   4.4432596e+00   6.2399795e-01   4.6155500e+06   1.4705512e+06   2.1744505e+05   2.3015420e+04   2.3153597e+03   3.9483097e+08   6.9166314e+07   7.6186596e+06   7.6996310e+05   7.7078547e+04
   1.0240000e+03   8.0000000e+01   4.5040542e+08   5.3433121e+06   1.5597626e+01   1.7196672e-02   7.0803078e-01   6.5377372e-01   5.7550005e-01   4.5498752e-01   2.7124165e-01   3.2000000e+01   1.7000000e+01   1.3218550e-02   7.0802715e-01   6.5356255e-01   5.7498896e-01   4.5400822e-01   2.6947293e-01   1.2232676e+03   2.5341345e+02   3.4147498e+01   4.4432596e+00   6.2399795e-01   3.8658646e+06   1.0488507e+06   1.3848599e+05   1.4357858e+04   1.4411561e+03   3.9483097e+08   6.9166314e+07   7.6186596e+06   7.6996310e+05   7.7078547e+04
   1.0240000e+03   8.0000000e+01   4.5040542e+08   5.3433121e+06   1.5597626e+01   1.7196672e-02   7.0803078e-01   6.5377372e-01   5.7550005e-01   4.5498752e-01   2.7124165e-01   6.4000000e+01   3.2000000e+01   1.4112921e-02   7.0879601e-01   6.5428925e-01   5.7565495e-01   4.5458249e-01   2.6992987e-01   1.2232676e+03   2.5341345e+02   3.4147498e+01   4.4432596e+00   6.2399795e-01   2.9077315e+06   6.2685960e+05   7.3936660e+04   7.5373884e+03   7.5521728e+02   3.9483097e+08   6.9166314e+07   7.6186596e+06   7.6996310e+05   7.7078547e+04
   2.0480000e+03   3.5900000e+02   4.5040542e+08   1.4869130e+06   1.4689100e+01   2.7234610e-02   6.4087357e-01   5.7101223e-01   4.7073211e-01   3.2239127e-01   1.4460158e-01   2.0000000e+00   2.0000000e+00   1.1217237e-02   6.3920428e-01   5.6901385e-01   4.6825780e-01   3.1916909e-01   1.4005344e-01   5.1022008e+02   7.6107087e+01   9.5831728e+00   1.2375091e+00   1.7365823e-01   3.2560174e+07   1.5663385e+07   3.8949262e+06   4.8993481e+05   5.0407440e+04   1.6468244e+08   2.0772562e+07   2.1381049e+06   2.1444534e+05   2.1450911e+04
   2.0480000e+03   3.5900000e+02   4.5040542e+08   1.4869130e+06   1.4689100e+01   2.7234610e-02   6.4087357e-01   5.7101223e-01   4.7073211e-01   3.2239127e-01   1.4460158e-01   4.0000000e+00   4.0000000e+00   7.0077376e-03   6.3802745e-01   5.6759786e-01   4.6649605e-01   3.1686595e-01   1.3681664e-01   5.1022008e+02   7.6107087e+01   9.5831728e+00   1.2375091e+00   1.7365823e-01   2.6363996e+07   1.0527495e+07   1.9644712e+06   2.2036202e+05   2.2319610e+04   1.6468244e+08   2.0772562e+07   2.1381049e+06   2.1444534e+05   2.1450911e+04
   2.0480000e+03   3.5900000e+02   4.5040542e+08   1.4869130e+06   1.4689100e+01   2.7234610e-02   6.4087357e-01   5.7101223e-01   4.7073211e-01   3.2239127e-01   1.4460158e-01   8.0000000e+00   5.0000000e+00   6.3905713e-03   6.3773846e-01   5.6724394e-01   4.6604833e-01   3.1627187e-01   1.3597745e-01   5.1022008e+02   7.6107087e+01   9.5831728e+00   1.2375091e+00   1.7365823e-01   2.4706535e+07   9.2874920e+06   1.6114997e+06   1.7704888e+05   1.7887563e+04   1.6468244e+08   2.0772562e+07   2.1381049e+06   2.1444534e+05   2.1450911e+04
   2.0480000e+03   3.5900000e+02   4.5040542e+08   1.4869130e+06   1.4689100e+01   2.7234610e-02   6.4087357e-01   5.7101223e-01   4.7073211e-01   3.2239127e-01   1.4460158e-01   1.6000000e+01   7.0000000e+00   5.9495782e-03   6.3749680e-01   5.6693384e-01   4.6563934e-01   3.1570901e-01   1.3516184e-01   5.1022008e+02   7.6107087e+01   9.5831728e+00   1.2375091e+00   1.7365823e-01   2.2975578e+07   8.0673538e+06   1.3021357e+06   1.4048425e+05   1.4163294e+04   1.6468244e+08   2.0772562e+07   2.1381049e+06   2.1444534e+05   2.1450911e+04
   2.0480000e+03   3.5900000e+02   4.5040542e+08   1.4869130e+06   1.4689100e+01   2.7234610e-02   6.4087357e-01   5.7101223e-01   4.7073211e-01   3.2239127e-01   1.4460158e-01   3.2000000e+01   1.1000000e+01   5.4598151e-03   6.3708028e-01   5.6639262e-01   4.6491811e-01   3.1470893e-01   1.3372104e-01   5.1022008e+02   7.6107087e+01   9.5831728e+00   1.2375091e+00   1.7365823e-01   1.9879225e+07   6.0973390e+06   8.7492562e+05   9.2061857e+04   9.2554332e+03   1.6468244e+08   2.0772562e+07   2.1381049e+06   2.1444534e+05   2.1450911e+04
   2.0480000e+03   3.5900000e+02   4.5040542e+08   1.4869130e+06   1.4689100e+01   2.7234610e-02   6.4087357e-01   5.7101223e-01   4.7073211e-01   3.2239127e-01   1.4460158e-01   6.4000000e+01   2.6000000e+01   5.6600747e-03   6.3675874e-01   5.6582994e-01   4.6400792e-01   3.1326858e-01   1.3154259e-01   5.1022008e+02   7.6107087e+01   9.5831728e+00   1.2375091e+00   1.7365823e-01   1.4214051e+07   3.2689728e+06   3.9615126e+05   4.0536599e+04   4.0631912e+03   1.6468244e+08   2.0772562e+07   2.1381049e+06   2.1444534e+05   2.1450911e+04
   2.0480000e+03   3.5900000e+02   4.5040542e+08   1.4869130e+06   1.4689100e+01   2.7234610e-02   6.4087357e-01   5.7101223e-01   4.7073211e-01   3.2239127e-01   1.4460158e-01   1.2800000e+02   5.9000000e+01   7.4783570e-03   6.3744661e-01   5.6624209e-01   4.6402494e-01   3.1271034e-01   1.3047467e-01   5.1022008e+02   7.6107087e+01   9.5831728e+00   1.2375091e+00   1.7365823e-01   8.6346437e+06   1.4414654e+06   1.5679321e+05   1.5822488e+04   1.5836997e+03   1.6468244e+08   2.0772562e+07   2.1381049e+06   2.1444534e+05   2.1450911e+04
   2.0480000e+03   3.5900000e+02   4.5040542e+08   1.4869130e+06   1.4689100e+01   2.7234610e-02   6.4087357e-01   5.7101223e-01   4.7073211e-01   3.2239127e-01   1.4460158e-01   2.5600000e+02   1.2600000e+02   1.1832159e-02   6.4091550e-01   5.6952930e-01   4.6705460e-01   3.1539897e-01   1.3314193e-01   5.1022008e+02   7.6107087e+01   9.5831728e+00   1.2375091e+00   1.7365823e-01   5.7444390e+06   8.0705812e+05   8.4584665e+04   8.5000285e+03   8.5042147e+02   1.6468244e+08   2.0772562e+07   2.1381049e+06   2.1444534e+05   2.1450911e+04
   4.0960000e+03   1.2760000e+03   4.5040542e+08   1.3874695e+05   1.3535416e+01   8.5374716e-02   5.4305134e-01   4.4486533e-01   3.1079736e-01   1.6685338e-01   1.0056538e-01   2.0000000e+00   2.0000000e+00   3.5809803e-02   5.3817926e-01   4.3907947e-01   3.0368989e-01   1.5766856e-01   8.7688918e-02   6.0179646e+01   7.3113470e+00   8.9690083e-01   1.1550914e-01   1.6204897e-02   1.2242430e+08   6.1645858e+07   1.6721697e+07   2.2075875e+06   2.2887204e+05   1.9424031e+07   1.9955488e+06   2.0010784e+05   2.0016336e+04   2.0016892e+03
   4.0960000e+03   1.2760000e+03   4.5040542e+08   1.3874695e+05   1.3535416e+01   8.5374716e-02   5.4305134e-01   4.4486533e-01   3.1079736e-01   1.6685338e-01   1.0056538e-01   4.0000000e+00   3.0000000e+00   2.1326775e-02   5.3522331e-01   4.3557173e-01   2.9938428e-01   1.5211121e-01   7.9940008e-02   6.0179646e+01   7.3113470e+00   8.9690083e-01   1.1550914e-01   1.6204897e-02   1.0801841e+08   4.9007846e+07   1.1009800e+07   1.3207026e+06   1.3494930e+05   1.9424031e+07   1.9955488e+06   2.0010784e+05   2.0016336e+04   2.0016892e+03
   4.0960000e+03   1.2760000e+03   4.5040542e+08   1.3874695e+05   1.3535416e+01   8.5374716e-02   5.4305134e-01   4.4486533e-01   3.1079736e-01   1.6685338e-01   1.0056538e-01   8.0000000e+00   4.0000000e+00   1.4179528e-02   5.3286358e-01   4.3276907e-01   2.9594133e-01   1.4766609e-01   7.3772199e-02   6.0179646e+01   7.3113470e+00   8.9690083e-01   1.1550914e-01   1.6204897e-02   9.6562296e+07   3.9637146e+07   7.6694446e+06   8.7018121e+05   8.8262539e+04   1.9424031e+07   1.9955488e+06   2.0010784e+05   2.0016336e+04   2.0016892e+03
   4.0960000e+03   1.2760000e+03   4.5040542e+08   1.3874695e+05   1.3535416e+01   8.5374716e-02   5.4305134e-01   4.4486533e-01   3.1079736e-01   1.6685338e-01   1.0056538e-01   1.6000000e+01   6.0000000e+00   9.6430559e-03   5.3059893e-01   4.3006671e-01   2.9260646e-01   1.4334445e-01   6.7797644e-02   6.0179646e+01   7.3113470e+00   8.9690083e-01   1.1550914e-01   1.6204897e-02   8.5386130e+07   3.1264759e+07   5.2695666e+06   5.7457510e+05   5.7998514e+04   1.9424031e+07   1.9955488e+06   2.0010784e+05   2.0016336e+04   2.0016892e+03
   4.0960000e+03   1.2760000e+03   4.5040542e+08   1.3874695e+05   1.3535416e+01   8.5374716e-02   5.4305134e-01   4.4486533e-01   3.1079736e-01   1.6685338e-01   1.0056538e-01   3.2000000e+01   8.0000000e+00   8.1755041e-03   5.2960619e-01   4.2886843e-01   2.9111130e-01   1.4138766e-01   6.5088171e-02   6.0179646e+01   7.3113470e+00   8.9690083e-01   1.1550914e-01   1.6204897e-02   8.0206505e+07   2.7690228e+07   4.3963777e+06   4.7250373e+05   4.7615874e+04   1.9424031e+07   1.9955488e+06   2.0010784e+05   2.0016336e+04   2.0016892e+03
   4.0960000e+03   1.2760000e+03   4.5040542e+08   1.3874695e+05   1.3535416e+01   8.5374716e-02   5.4305134e-01   4.4486533e-01   3.1079736e-01   1.6685338e-01   1.0056538e-01   6.4000000e+01   1.3000000e+01   5.6709323e-03   5.2714885e-01   4.2590175e-01   2.8740943e-01   1.3654880e-01   5.8475220e-02   6.0179646e+01   7.3113470e+00   8.9690083e-01   1.1550914e-01   1.6204897e-02   6.7633752e+07   1.9930150e+07   2.7771730e+06   2.9062829e+05   2.9200865e+04   1.9424031e+07   1.9955488e+06   2.0010784e+05   2.0016336e+04   2.0016892e+03
   4.0960000e+03   1.2760000e+03   4.5040542e+08   1.3874695e+05   1.3535416e+01   8.5374716e-02   5.4305134e-01   4.4486533e-01   3.1079736e-01   1.6685338e-01   1.0056538e-01   1.2800000e+02   2.2000000e+01   4.5373523e-03   5.2497101e-01   4.2321702e-01   2.8399404e-01   1.3201640e-01   5.2360939e-02   6.0179646e+01   7.3113470e+00   8.9690083e-01   1.1550914e-01   1.6204897e-02   5.5641858e+07   1.3829805e+07   1.7392144e+06   1.7893447e+05   1.7945715e+04   1.9424031e+07   1.9955488e+06   2.0010784e+05   2.0016336e+04   2.0016892e+03
   4.0960000e+03   1.2760000e+03   4.5040542e+08   1.3874695e+05   1.3535416e+01   8.5374716e-02   5.4305134e-01   4.4486533e-01   3.1079736e-01   1.6685338e-01   1.0056538e-01   2.5600000e+02   7.6000000e+01   6.3510984e-03   5.2263907e-01   4.1980326e-01   2.7902776e-01   1.2476278e-01   4.2802324e-02   6.0179646e+01   7.3113470e+00   8.9690083e-01   1.1550914e-01   1.6204897e-02   3.2948235e+07   5.7110189e+06   6.2727227e+05   6.3372346e+04   6.3437834e+03   1.9424031e+07   1.9955488e+06   2.0010784e+05   2.0016336e+04   2.0016892e+03
   4.0960000e+03   1.2760000e+03   4.5040542e+08   1.3874695e+05   1.3535416e+01   8.5374716e-02   5.4305134e-01   4.4486533e-01   3.1079736e-01   1.6685338e-01   1.0056538e-01   5.1200000e+02   2.2700000e+02   1.5690091e-02   5.2490637e-01   4.2065183e-01   2.7788016e-01   1.2114352e-01   4.0023235e-02   6.0179646e+01   7.3113470e+00   8.9690083e-01   1.1550914e-01   1.6204897e-02   1.2722810e+07   1.5705772e+06   1.6113908e+05   1.6156290e+04   1.6160544e+03   1.9424031e+07   1.9955488e+06   2.0010784e+05   2.0016336e+04   2.0016892e+03
   4.0960000e+03   1.2760000e+03   4.5040542e+08   1.3874695e+05   1.3535416e+01   8.5374716e-02   5.4305134e-01   4.4486533e-01   3.1079736e-01   1.6685338e-01   1.0056538e-01   1.0240000e+03   4.8100000e+02   3.2439703e-02   5.3418704e-01   4.2855488e-01   2.8399855e-01   1.2651717e-01   5.0643173e-02   6.0179646e+01   7.3113470e+00   8.9690083e-01   1.1550914e-01   1.6204897e-02   3.9295139e+06   4.1908939e+05   4.2196326e+04   4.2225355e+03   4.2228260e+02   1.9424031e+07   1.9955488e+06   2.0010784e+05   2.0016336e+04   2.0016892e+03
   8.1920000e+03   3.4000000e+03   4.5040542e+08   2.6959935e+04   1.4718590e+01   2.2672652e-01   5.7510864e-01   4.6001024e-01   3.2644129e-01   2.4730806e-01   2.2978749e-01   2.0000000e+00   2.0000000e+00   1.2195421e-01   5.6579812e-01   4.4897566e-01   3.1291310e-01   2.2985932e-01   2.0535744e-01   1.1978836e+01   1.4241914e+00   1.7432018e-01   2.2445152e-02   3.1487832e-03   3.4486148e+08   1.8130469e+08   5.3720374e+07   7.5148332e+06   7.8697652e+05   3.8663786e+06   3.8871680e+05   3.8892634e+04   3.8894731e+03   3.8894941e+02
   8.1920000e+03   3.4000000e+03   4.5040542e+08   2.6959935e+04   1.4718590e+01   2.2672652e-01   5.7510864e-01   4.6001024e-01   3.2644129e-01   2.4730806e-01   2.2978749e-01   4.0000000e+00   4.0000000e+00   4.1029459e-02   5.4927899e-01   4.2941658e-01   2.8895846e-01   1.9901049e-01   1.6246211e-01   1.1978836e+01   1.4241914e+00   1.7432018e-01   2.2445152e-02   3.1487832e-03   2.6557608e+08   1.1219804e+08   2.2595104e+07   2.5984394e+06   2.6401249e+05   3.8663786e+06   3.8871680e+05   3.8892634e+04   3.8894731e+03   3.8894941e+02
   8.1920000e+03   3.4000000e+03   4.5040542e+08   2.6959935e+04   1.4718590e+01   2.2672652e-01   5.7510864e-01   4.6001024e-01   3.2644129e-01   2.4730806e-01   2.2978749e-01   8.0000000e+00   5.0000000e+00   3.3960930e-02   5.4641663e-01   4.2601955e-01   2.8478865e-01   1.9363266e-01   1.5502862e-01   1.1978836e+01   1.4241914e+00   1.7432018e-01   2.2445152e-02   3.1487832e-03   2.5181724e+08   1.0134460e+08   1.9103053e+07   2.1495175e+06   2.1779971e+05   3.8663786e+06   3.8871680e+05   3.8892634e+04   3.8894731e+03   3.8894941e+02
   8.1920000e+03   3.4000000e+03   4.5040542e+08   2.6959935e+04   1.4718590e+01   2.2672652e-01   5.7510864e-01   4.6001024e-01   3.2644129e-01   2.4730806e-01   2.2978749e-01   1.6000000e+01   7.0000000e+00   2.5920832e-02   5.4230934e-01   4.2113819e-01   2.7878876e-01   1.8588779e-01   1.4436129e-01   1.1978836e+01   1.4241914e+00   1.7432018e-01   2.2445152e-02   3.1487832e-03   2.3205490e+08   8.6556814e+07   1.4887968e+07   1.6318848e+06   1.6482687e+05   3.8663786e+06   3.8871680e+05   3.8892634e+04   3.8894731e+03   3.8894941e+02
   8.1920000e+03   3.4000000e+03   4.5040542e+08   2.6959935e+04   1.4718590e+01   2.2672652e-01   5.7510864e-01   4.6001024e-01   3.2644129e-01   2.4730806e-01   2.2978749e-01   3.2000000e+01   7.0000000e+00   2.4605879e-02   5.4150130e-01   4.2018266e-01   2.7762015e-01   1.8438731e-01   1.4231244e-01   1.1978836e+01   1.4241914e+00   1.7432018e-01   2.2445152e-02   3.1487832e-03   2.2831408e+08   8.3873462e+07   1.4186707e+07   1.5482662e+06   1.5630096e+05   3.8663786e+06   3.8871680e+05   3.8892634e+04   3.8894731e+03   3.8894941e+02
   8.1920000e+03   3.4000000e+03   4.5040542e+08   2.6959935e+04   1.4718590e+01   2.2672652e-01   5.7510864e-01   4.6001024e-01   3.2644129e-01   2.4730806e-01   2.2978749e-01   6.4000000e+01   1.1000000e+01   1.7021928e-02   5.3577161e-01   4.1335850e-01   2.6921536e-01   1.7352783e-01   1.2749023e-01   1.1978836e+01   1.4241914e+00   1.7432018e-01   2.2445152e-02   3.1487832e-03   2.0086398e+08   6.5426735e+07   9.8549334e+06   1.0470540e+06   1.0537846e+05   3.8663786e+06   3.8871680e+05   3.8892634e+04   3.8894731e+03   3.8894941e+02
   8.1920000e+03   3.4000000e+03   4.5040542e+08   2.6959935e+04   1.4718590e+01   2.2672652e-01   5.7510864e-01   4.6001024e-01   3.2644129e-01   2.4730806e-01   2.2978749e-01   1.2800000e+02   1.7000000e+01   1.2188601e-02   5.3025529e-01   4.0676242e-01   2.6106119e-01   1.6297029e-01   1.1326209e-01   1.1978836e+01   1.4241914e+00   1.7432018e-01   2.2445152e-02   3.1487832e-03   1.7446916e+08   4.9927458e+07   6.8188315e+06   7.1103252e+05   7.1413255e+04   3.8663786e+06   3.8871680e+05   3.8892634e+04   3.8894731e+03   3.8894941e+02
   8.1920000e+03   3.4000000e+03   4.5040542e+08   2.6959935e+04   1.4718590e+01   2.2672652e-01   5.7510864e-01   4.6001024e-01   3.2644129e-01   2.4730806e-01   2.2978749e-01   2.5600000e+02   3.6000000e+01   7.7134630e-03   5.2029797e-01   3.9475722e-01   2.4610675e-01   1.4354102e-01   8.7894845e-02   1.1978836e+01   1.4241914e+00   1.7432018e-01   2.2445152e-02   3.1487832e-03   1.2727668e+08   2.8044241e+07   3.3369535e+06   3.4058858e+05   3.4129892e+04   3.8663786e+06   3.8871680e+05   3.8892634e+04   3.8894731e+03   3.8894941e+02
   8.1920000e+03   3.4000000e+03   4.5040542e+08   2.6959935e+04   1.4718590e+01   2.2672652e-01   5.7510864e-01   4.6001024e-01   3.2644129e-01   2.4730806e-01   2.2978749e-01   5.1200000e+02   1.2500000e+02   1.0080771e-02   5.0897353e-01   3.8028704e-01   2.2713964e-01   1.1816387e-01   5.8082241e-02   1.1978836e+01   1.4241914e+00   1.7432018e-01   2.2445152e-02   3.1487832e-03   6.7134750e+07   1.0221771e+07   1.0884944e+06   1.0957694e+05   1.0965041e+04   3.8663786e+06   3.8871680e+05   3.8892634e+04   3.8894731e+03   3.8894941e+02
   8.1920000e+03   3.4000000e+03   4.5040542e+08   2.6959935e+04   1.4718590e+01   2.2672652e-01   5.7510864e-01   4.6001024e-01   3.2644129e-01   2.4730806e-01   2.2978749e-01   1.0240000e+03   3.9900000e+02   2.6897641e-02   4.9746256e-01   3.6338375e-01   2.0291081e-01   8.7524356e-02   4.0594883e-02   1.1978836e+01   1.4241914e+00   1.7432018e-01   2.2445152e-02   3.1487832e-03   1.4025260e+07   1.5291144e+06   1.5434943e+05   1.5449522e+04   1.5450982e+03   3.8663786e+06   3.8871680e+05   3.8892634e+04   3.8894731e+03   3.8894941e+02
   8.1920000e+03   3.4000000e+03   4.5040542e+08   2.6959935e+04   1.4718590e+01   2.2672652e-01   5.7510864e-01   4.6001024e-01   3.2644129e-01   2.4730806e-01   2.2978749e-01   2.0480000e+03   9.6900000e+02   6.4738801e-02   5.1871536e-01   3.8168171e-01   2.1798973e-01   1.0550258e-01   7.1670548e-02   1.1978836e+01   1.4241914e+00   1.7432018e-01   2.2445152e-02   3.1487832e-03   4.9588102e+06   5.1119306e+05   5.1279424e+04   5.1295510e+03   5.1297119e+02   3.8663786e+06   3.8871680e+05   3.8892634e+04   3.8894731e+03   3.8894941e+02
   8.1920000e+03   3.4570000e+03   4.5040542e+08   2.4843862e+04   1.4712566e+01   2.3052183e-01   5.7345977e-01   4.5768438e-01   3.2522214e-01   2.4960574e-01   2.3334454e-01   2.0000000e+00   2.0000000e+00   1.2561727e-01   5.6419261e-01   4.4670108e-01   3.1175667e-01   2.3223766e-01   2.0902646e-01   1.1043766e+01   1.3124689e+00   1.6063863e-01   2.0683452e-02   2.9016368e-03   3.5161048e+08   1.8523806e+08   5.5128512e+07   7.7361826e+06   8.1062555e+05   3.5645682e+06   3.5822343e+05   3.5840138e+04   3.5841919e+03   3.5842097e+02
   8.1920000e+03   3.4570000e+03   4.5040542e+08   2.4843862e+04   1.4712566e+01   2.3052183e-01   5.7345977e-01   4.5768438e-01   3.2522214e-01   2.4960574e-01   2.3334454e-01   4.0000000e+00   4.0000000e+00   4.3119464e-02   5.4771114e-01   4.2718653e-01   2.8785644e-01   2.0145805e-01   1.6621663e-01   1.1043766e+01   1.3124689e+00   1.6063863e-01   2.0683452e-02   2.9016368e-03   2.7247196e+08   1.1605019e+08   2.3645942e+07   2.7305375e+06   2.7758244e+05   3.5645682e+06   3.5822343e+05   3.5840138e+04   3.5841919e+03   3.5842097e+02
   8.1920000e+03   3.4570000e+03   4.5040542e+08   2.4843862e+04   1.4712566e+01   2.3052183e-01   5.7345977e-01   4.5768438e-01   3.2522214e-01   2.4960574e-01   2.3334454e-01   8.0000000e+00   5.0000000e+00   3.5177098e-02   5.4457627e-01   4.2346725e-01   2.8329245e-01   1.9557336e-01   1.5808110e-01   1.1043766e+01   1.3124689e+00   1.6063863e-01   2.0683452e-02   2.9016368e-03   2.5742148e+08   1.0411458e+08   1.9752439e+07   2.2270748e+06   2.2571470e+05   3.5645682e+06   3.5822343e+05   3.5840138e+04   3.5841919e+03   3.5842097e+02
   8.1920000e+03   3.4570000e+03   4.5040542e+08   2.4843862e+04   1.4712566e+01   2.3052183e-01   5.7345977e-01   4.5768438e-01   3.2522214e-01   2.4960574e-01   2.3334454e-01   1.6000000e+01   7.0000000e+00   2.5233035e-02   5.3942453e-01   4.1735079e-01   2.7578201e-01   1.8588847e-01   1.4475838e-01   1.1043766e+01   1.3124689e+00   1.6063863e-01   2.0683452e-02   2.9016368e-03   2.3280464e+08   8.5752289e+07   1.4546708e+07   1.5887388e+06   1.6040079e+05   3.5645682e+06   3.5822343e+05   3.5840138e+04   3.5841919e+03   3.5842097e+02
   8.1920000e+03   3.4570000e+03   4.5040542e+08   2.4843862e+04   1.4712566e+01   2.3052183e-01   5.7345977e-01   4.5768438e-01   3.2522214e-01   2.4960574e-01   2.3334454e-01   3.2000000e+01   6.0000000e+00   2.9126619e-02   5.4165472e-01   4.2000023e-01   2.7903719e-01   1.9008765e-01   1.5052507e-01   1.1043766e+01   1.3124689e+00   1.6063863e-01   2.0683452e-02   2.9016368e-03   2.4346352e+08   9.3514135e+07   1.6635887e+07   1.8402444e+06   1.8607488e+05   3.5645682e+06   3.5822343e+05   3.5840138e+04   3.5841919e+03   3.5842097e+02
   8.1920000e+03   3.4570000e+03   4.5040542e+08   2.4843862e+04   1.4712566e+01   2.3052183e-01   5.7345977e-01   4.5768438e-01   3.2522214e-01   2.4960574e-01   2.3334454e-01   6.4000000e+01   1.1000000e+01   1.7488927e-02   5.3363679e-01   4.1045797e-01   2.6729323e-01   1.7492082e-01   1.2978408e-01   1.1043766e+01   1.3124689e+00   1.6063863e-01   2.0683452e-02   2.9016368e-03   2.0507269e+08   6.7054809e+07   1.0133519e+07   1.0773949e+06   1.0844040e+05   3.5645682e+06   3.5822343e+05   3.5840138e+04   3.5841919e+03   3.5842097e+02
   8.1920000e+03   3.4570000e+03   4.5040542e+08   2.4843862e+04   1.4712566e+01   2.3052183e-01   5.7345977e-01   4.5768438e-01   3.2522214e-01   2.4960574e-01   2.3334454e-01   1.2800000e+02   1.2000000e+01   1.6303966e-02   5.3249971e-01   4.0910119e-01   2.6561929e-01   1.7275603e-01   1.2684881e-01   1.1043766e+01   1.3124689e+00   1.6063863e-01   2.0683452e-02   2.9016368e-03   1.9963456e+08   6.3660110e+07   9.4198511e+06   9.9718429e+05   1.0031869e+05   3.5645682e+06   3.5822343e+05   3.5840138e+04   3.5841919e+03   3.5842097e+02
   8.1920000e+03   3.4570000e+03   4.5040542e+08   2.4843862e+04   1.4712566e+01   2.3052183e-01   5.7345977e-01   4.5768438e-01   3.2522214e-01   2.4960574e-01   2.3334454e-01   2.5600000e+02   3.0000000e+01   7.9652653e-03   5.1885252e-01   3.9274475e-01   2.4535801e-01   1.4653003e-01   9.2224981e-02   1.1043766e+01   1.3124689e+00   1.6063863e-01   2.0683452e-02   2.9016368e-03   1.3568876e+08   3.0995793e+07   3.7450504e+06   3.8305498e+05   3.8393880e+04   3.5645682e+06   3.5822343e+05   3.5840138e+04   3.5841919e+03   3.5842097e+02
   8.1920000e+03   3.4570000e+03   4.5040542e+08   2.4843862e+04   1.4712566e+01   2.3052183e-01   5.7345977e-01   4.5768438e-01   3.2522214e-01   2.4960574e-01   2.3334454e-01   5.1200000e+02   1.2500000e+02   1.0341262e-02   5.0807451e-01   3.7884714e-01   2.2699492e-01   1.2172907e-01   6.2299764e-02   1.1043766e+01   1.3124689e+00   1.6063863e-01   2.0683452e-02   2.9016368e-03   7.4199337e+07   1.1720973e+07   1.2582643e+06   1.2678304e+05   1.2687978e+04   3.5645682e+06   3.5822343e+05   3.5840138e+04   3.5841919e+03   3.5842097e+02
   8.1920000e+03   3.4570000e+03   4.5040542e+08   2.4843862e+04   1.4712566e+01   2.3052183e-01   5.7345977e-01   4.5768438e-01   3.2522214e-01   2.4960574e-01   2.3334454e-01   1.0240000e+03   4.1600000e+02   2.8169740e-02   5.0223534e-01   3.6842682e-01   2.1023638e-01   9.8283224e-02   4.6893876e-02   1.1043766e+01   1.3124689e+00   1.6063863e-01   2.0683452e-02   2.9016368e-03   2.1398961e+07   2.4372030e+06   2.4732446e+05   2.4769273e+04   2.4772964e+03   3.5645682e+06   3.5822343e+05   3.5840138e+04   3.5841919e+03   3.5842097e+02
   8.1920000e+03   3.4570000e+03   4.5040542e+08   2.4843862e+04   1.4712566e+01   2.3052183e-01   5.7345977e-01   4.5768438e-01   3.2522214e-01   2.4960574e-01   2.3334454e-01   2.0480000e+03   9.5500000e+02   6.3801834e-02   5.1405491e-01   3.7596794e-01   2.1287023e-01   1.0335913e-01   7.0548156e-02   1.1043766e+01   1.3124689e+00   1.6063863e-01   2.0683452e-02   2.9016368e-03   5.0262263e+06   5.1809359e+05   5.1971117e+04   5.1987367e+03   5.1988992e+02   3.5645682e+06   3.5822343e+05   3.5840138e+04   3.5841919e+03   3.5842097e+02
   1.5000000e+04   6.0970000e+03   4.5040542e+08   1.0259373e+04   1.7335063e+01   4.0648944e-01   6.9073216e-01   5.6973287e-01   4.5701495e-01   4.1472860e-01   4.0766083e-01   2.0000000e+00   2.0000000e+00   2.3434207e-01   6.7583903e-01   5.5209652e-01   4.3541088e-01   3.8688593e-01   3.6870366e-01   4.5752766e+00   5.4216490e-01   6.6338519e-02   8.5413426e-03   1.1982430e-03   6.2757590e+08   3.3360085e+08   1.0120186e+08   1.4401939e+07   1.5130264e+06   1.4767504e+06   1.4797773e+05   1.4800809e+04   1.4801113e+03   1.4801143e+02
   1.5000000e+04   6.0970000e+03   4.5040542e+08   1.0259373e+04   1.7335063e+01   4.0648944e-01   6.9073216e-01   5.6973287e-01   4.5701495e-01   4.1472860e-01   4.0766083e-01   4.0000000e+00   3.0000000e+00   1.4219738e-01   6.6226689e-01   5.3603452e-01   4.1574813e-01   3.6156787e-01   3.3339741e-01   4.5752766e+00   5.4216490e-01   6.6338519e-02   8.5413426e-03   1.1982430e-03   5.6227799e+08   2.7423443e+08   6.9950550e+07   8.9172373e+06   9.1933734e+05   1.4767504e+06   1.4797773e+05   1.4800809e+04   1.4801113e+03   1.4801143e+02
   1.5000000e+04   6.0970000e+03   4.5040542e+08   1.0259373e+04   1.7335063e+01   4.0648944e-01   6.9073216e-01   5.6973287e-01   4.5701495e-01   4.1472860e-01   4.0766083e-01   8.0000000e+00   4.0000000e+00   7.7266070e-02   6.4565127e-01   5.1637354e-01   3.9168413e-01   3.3060273e-01   2.9043883e-01   4.5752766e+00   5.4216490e-01   6.6338519e-02   8.5413426e-03   1.1982430e-03   4.8307199e+08   2.0671849e+08   4.2410263e+07   4.9094415e+06   4.9924659e+05   1.4767504e+06   1.4797773e+05   1.4800809e+04   1.4801113e+03   1.4801143e+02
   1.5000000e+04   6.0970000e+03   4.5040542e+08   1.0259373e+04   1.7335063e+01   4.0648944e-01   6.9073216e-01   5.6973287e-01   4.5701495e-01   4.1472860e-01   4.0766083e-01   1.6000000e+01   7.0000000e+00   4.8503093e-02   6.3298782e-01   5.0136200e-01   3.7327909e-01   3.0689685e-01   2.5776508e-01   4.5752766e+00   5.4216490e-01   6.6338519e-02   8.5413426e-03   1.1982430e-03   4.2282315e+08   1.6008671e+08   2.8005129e+07   3.0836000e+06   3.1162328e+05   1.4767504e+06   1.4797773e+05   1.4800809e+04   1.4801113e+03   1.4801143e+02
   1.5000000e+04   6.0970000e+03   4.5040542e+08   1.0259373e+04   1.7335063e+01   4.0648944e-01   6.9073216e-01   5.6973287e-01   4.5701495e-01   4.1472860e-01   4.0766083e-01   3.2000000e+01   9.0000000e+00   3.7966808e-02   6.2627238e-01   4.9339644e-01   3.6350763e-01   2.9431430e-01   2.4055820e-01   4.5752766e+00   5.4216490e-01   6.6338519e-02   8.5413426e-03   1.1982430e-03   3.9118533e+08   1.3768180e+08   2.2275292e+07   2.4045618e+06   2.4243776e+05   1.4767504e+06   1.4797773e+05   1.4800809e+04   1.4801113e+03   1.4801143e+02
   1.5000000e+04   6.0970000e+03   4.5040542e+08   1.0259373e+04   1.7335063e+01   4.0648944e-01   6.9073216e-01   5.6973287e-01   4.5701495e-01   4.1472860e-01   4.0766083e-01   6.4000000e+01   9.0000000e+00   4.1329524e-02   6.2862207e-01   4.9617502e-01   3.6690570e-01   2.9867573e-01   2.4649190e-01   4.5752766e+00   5.4216490e-01   6.6338519e-02   8.5413426e-03   1.1982430e-03   4.0199816e+08   1.4516196e+08   2.4108146e+07   2.6189499e+06   2.6424670e+05   1.4767504e+06   1.4797773e+05   1.4800809e+04   1.4801113e+03   1.4801143e+02
   1.5000000e+04   6.0970000e+03   4.5040542e+08   1.0259373e+04   1.7335063e+01   4.0648944e-01   6.9073216e-01   5.6973287e-01   4.5701495e-01   4.1472860e-01   4.0766083e-01   1.2800000e+02   1.2000000e+01   3.0730847e-02   6.2042120e-01   4.8644080e-01   3.5495708e-01   2.8328885e-01   2.2556306e-01   4.5752766e+00   5.4216490e-01   6.6338519e-02   8.5413426e-03   1.1982430e-03   3.6356930e+08   1.1946092e+08   1.8129574e+07   1.9292457e+06   1.9419895e+05   1.4767504e+06   1.4797773e+05   1.4800809e+04   1.4801113e+03   1.4801143e+02
   1.5000000e+04   6.0970000e+03   4.5040542e+08   1.0259373e+04   1.7335063e+01   4.0648944e-01   6.9073216e-01   5.6973287e-01   4.5701495e-01   4.1472860e-01   4.0766083e-01   2.5600000e+02   1.4000000e+01   2.4863356e-02   6.1445153e-01   4.7935727e-01   3.4626580e-01   2.7211200e-01   2.1051895e-01   4.5752766e+00   5.4216490e-01   6.6338519e-02   8.5413426e-03   1.1982430e-03   3.3611025e+08   1.0266825e+08   1.4686321e+07   1.5444129e+06   1.5525734e+05   1.4767504e+06   1.4797773e+05   1.4800809e+04   1.4801113e+03   1.4801143e+02
   1.5000000e+04   6.0970000e+03   4.5040542e+08   1.0259373e+04   1.7335063e+01   4.0648944e-01   6.9073216e-01   5.6973287e-01   4.5701495e-01   4.1472860e-01   4.0766083e-01   5.1200000e+02   7.0000000e+01   9.3890463e-03   5.7385430e-01   4.3067357e-01   2.8595751e-01   1.9442850e-01   1.1251758e-01   4.5752766e+00   5.4216490e-01   6.6338519e-02   8.5413426e-03   1.1982430e-03   1.5810661e+08   2.7469246e+07   3.0189861e+06   3.0502616e+05   3.0534368e+04   1.4767504e+06   1.4797773e+05   1.4800809e+04   1.4801113e+03   1.4801143e+02
   1.5000000e+04   6.0970000e+03   4.5040542e+08   1.0259373e+04   1.7335063e+01   4.0648944e-01   6.9073216e-01   5.6973287e-01   4.5701495e-01   4.1472860e-01   4.0766083e-01   1.0240000e+03   2.5600000e+02   1.9143623e-02   5.6370137e-01   4.1641403e-01   2.6587491e-01   1.6661732e-01   8.4006222e-02   4.5752766e+00   5.4216490e-01   6.6338519e-02   8.5413426e-03   1.1982430e-03   9.2221939e+07   1.2715160e+07   1.3280936e+06   1.3341255e+05   1.3347327e+04   1.4767504e+06   1.4797773e+05   1.4800809e+04   1.4801113e+03   1.4801143e+02
   1.5000000e+04   6.0970000e+03   4.5040542e+08   1.0259373e+04   1.7335063e+01   4.0648944e-01   6.9073216e-01   5.6973287e-01   4.5701495e-01   4.1472860e-01   4.0766083e-01   2.0480000e+03   8.1600000e+02   5.4603984e-02   5.3488510e-01   3.7571789e-01   2.1006604e-01   1.0578593e-01   6.4540283e-02   4.5752766e+00   5.4216490e-01   6.6338519e-02   8.5413426e-03   1.1982430e-03   1.1278633e+07   1.1722498e+06   1.1769476e+05   1.1774202e+04   1.1774675e+03   1.4767504e+06   1.4797773e+05   1.4800809e+04   1.4801113e+03   1.4801143e+02
   1.5000000e+04   6.0970000e+03   4.5040542e+08   1.0259373e+04   1.7335063e+01   4.0648944e-01   6.9073216e-01   5.6973287e-01   4.5701495e-01   4.1472860e-01   4.0766083e-01   4.0960000e+03   1.7990000e+03   1.2001542e-01   5.7002385e-01   4.0574568e-01   2.3683243e-01   1.4663930e-01   1.2418113e-01   4.5752766e+00   5.4216490e-01   6.6338519e-02   8.5413426e-03   1.1982430e-03   3.7987927e+06   3.8483899e+05   3.8534449e+04   3.8539514e+03   3.8540021e+02   1.4767504e+06   1.4797773e+05   1.4800809e+04   1.4801113e+03   1.4801143e+02
